12344163
12381965
12386829
12497127
12687212
12695108
13204301
13690023
14114463
14437801
15551861
15577739
15590687
15877506
17108208
17248037
18320388
19086160
19654554
20102319
20231017
21081925
21083124
21083443
21554045
21745929
22318826
22906657
23116258
23485679
23573276
24746459
24746459
25349188
25379948
25393625
25394302
25394739
25469017
26338888
26630861
26748714
26752887
26849934
27274172
27382508
27499877
27540175
27822593
27860938
28310969
29370248
29456461
29818824
30089832
31499754
35901172
36296536
36300436
36369445
36413506
38800472
39225296
39468451
39603195
39926162
40560076
40604828
40919320
41029985
41030377
41628326
41637080
41766584
42106289
42114517
42271777
42273384
42425547
42426640
42461480
42462083
42959311
43291387
43516109
43619333
43650784
43843179
44083055
4421885
44420330
44489269
44492106
44617920
44799679
4509667
4509842
4509884
45121729
4512271
45333018
45360068
45547608
45548812
45569154
45603433
45996031
46065332
46337860
46394569
46592462
46713118
47760180
47795971
47807851
47827292
47860376
47883782
48017124
48097702
48231870
48375502
48381953
4862244
48906975
48930156
49380660
49403521
49602669
49668750
49904258
49954483
50506502
50514445
50530592
50693439
50699641
50714514
50767456
50784396
50786349
50826928
50846161
50914054
50914921
51495934
51602687
51628849
51756794
51898284
52137391
52146622
52152340
52153573
52161636
52163201
52163513
52170534
52176970
52177356
52180410
52180958
52183916
52187849
52193605
52197745
52198733
52198849
52214389
52219946
52223035
52224978
52228643
52231843
52232713
52233189
52233620
52234164
52234303
52235285
52235550
52241540
52243722
52243815
52246942
52255427
52261306
52261342
52263034
52263661
52267795
52268037
52276408
52276528
52277310
52286544
52322525
52337569
52338485
52339657
52340190
52348713
52361870
52362116
52362410
52362520
52363162
52364611
52364698
52365032
52365680
52373460
52375098
52376894
52377532
52379764
52380346
52380924
52382705
52392481
52395565
52395824
52396480
52398424
52398518
52399946
52401720
52402238
52403149
52405644
52409099
52412094
52412792
52414198
52417639
52417981
52420854
52422678
52423661
52427494
52428838
52456847
52461518
52467142
52479465
52479775
52480028
52481452
52485827
52486327
52490215
52494462
52495031
52495080
52495577
52502069
52505170
52510353
52510592
52511069
52512122
52513083
52514112
52519731
52527468
52527706
52529447
52530827
52531401
52532486
52532535
52537756
52538141
52541303
52543620
52550873
52551851
52552653
52553105
52555079
52557090
52561156
52563484
52575611
52575832
52577186
52577699
52579017
52585308
52589006
52625717
52632567
52634019
52640164
52650412
52674155
52678814
52681503
52684149
52686469
52693540
52695793
52696617
52697816
52698220
52699822
52703350
52703556
52706713
52708935
52720614
52725522
52729330
52730777
52737273
52739470
52755222
52781253
52783238
52793254
52794210
52795205
52795735
52802611
52807440
52810604
52813489
52813745
52818363
52823256
52824639
52829604
52830418
52835214
52835582
52836999
52842719
52844897
52845577
52846160
52850551
52855257
52860141
52863136
52864009
52864820
52865554
52870225
52876527
52881290
52884821
52885235
52889727
52889795
52928215
52939546
52940933
52947216
52950933
52963792
52963806
52964369
52966581
52967213
52974216
52974384
52984974
52992731
53003959
53040733
53090284
53195859
53228349
53787535
53793075
53807188
53918471
53946476
53956949
53969144
53996993
53997349
54026903
54106546
54110600
54126876
54168716
54394126
54450770
54465283
54482128
54499358
54941338
54954043
54959858
55127278
55128703
55165097
55188761
55529599
55540223
55548542
55636814
55643827
55681297
55778926
55810673
55830322
55835986
56066104
56066104
56086270
56140367
56365306
56406471
56415722
56617278
56655701
56667784
56668980
56669944
56997853
57376051
57383106
57389712
57410698
57521185
57691114
57699287
57699287
57705141
57723096
57723590
57725403
57844577
57861553
57879556
58051754
58274047
58425947
58435182
58598851
58598851
58615285
58616451
58632191
58632456
58940767
59066336
59106724
59532977
59588682
59649208
59670387
59817958
59944833
59972154
60007355
60105609
60129460
60130578
60283561
60342847
60672207
60675425
60693116
60827186
60831902
60839600
60842361
60842821
60847720
60857544
60893392
60940940
61067119
61070197
61070558
61129445
61141828
61154189
61163335
61294437
61295002
61339600
61375606
61375612
61388127
61399052
61429503
61539854
61549743
61555524
61593999
61603158
61630247
61663966
61955682
62119605
62266635
62337273
62385909
62481972
62482589
62483302
62534678
62603179
62671317
62683008
62711101
62711716
62713635
62713668
62713983
62718454
62718518
62718566
62718633
62718751
62718814
62718840
62719008
62719180
62740818
62745216
62752858
62757368
62757372
62758794
62797944
62808084
62813144
62814189
62819541
62838341
62839373
62862574
62875838
62876796
62883525
62888411
62890265
62896465
62896950
62902347
62910274
62911224
62946004
62950430
62950717
62952159
62967959
62969746
62982894
62990254
62990402
62993512
63000572
63001016
63001273
63001305
63001395
63011638
63013547
63020660
63023402
63025764
63026574
63028651
63032729
63032785
63034901
63037074
63041154
63053590
63055192
63074378
63076828
63088627
63091257
63093767
63094850
63118709
63119447
63125285
63127742
63133922
63140883
63148469
63162444
63169430
63169768
63174945
63189737
63193397
63206654
63207528
63210335
63212201
63212859
63215949
63221962
63223425
63224018
63225307
63234495
63235126
63236515
63237254
63237752
63238834
63240258
63240798
63256808
63261058
63267100
63292988
63297889
63301811
63304368
63305159
63322186
63327481
63338730
63340652
63347770
63353709
63354642
63354833
63355205
63363072
63366554
63368009
63378379
63402097
63406738
63407188
63408106
63416475
63420508
63421015
63422123
63436375
63450977
63462646
63469840
63482494
63486555
63488268
63488896
63490400
63500808
63502308
63503665
63505671
63511415
63512929
63518474
63520557
63527886
63538674
63539188
63541097
63546805
63555667
63564867
63568256
63570754
63574841
63575642
63589184
63599648
63606985
63612872
63614556
63621624
63621875
63625344
63640787
63646624
63647093
63670927
63690762
63701235
63711864
63715114
63718962
63720587
63723225
63726871
63727144
63731382
63741901
63744255
63748104
63748981
63753634
63757346
63763662
63767285
63767445
63767494
63769404
63769872
63773957
63773989
63781846
63783398
63784632
63789790
63789930
63790138
63791907
63792968
63793796
63794055
63802805
63804072
63806042
63811722
63812330
63814965
63819904
63821399
63821659
63823257
63826250
63827877
63832161
63833345
63836704
63840246
63843983
63844424
63847209
63852162
63853537
63855436
63860010
63870198
63873474
63873797
63883096
63883787
63896875
63898050
63898256
63900579
63902182
63903823
63903931
63908995
63916346
63921858
63927795
63938005
63945691
63946895
63949815
63952470
63960519
63960711
63963075
63963530
63966797
63968687
63972203
63976353
63976499
63976620
63976717
63976797
63976904
63976966
63977041
63977182
63981214
63985881
63988192
63988918
63990015
63991239
63991441
63996824
63999318
64003378
64008055
64008925
64014409
64016342
64021105
64023889
64029117
64029432
64032789
64034366
64035360
6403971
64056355
64064551
64064570
64068082
64069548
64099069
64112349
64120119
64121344
64131604
64135719
64141055
64146662
64152873
64154442
64162134
64170246
64175678
64184612
64187889
64192889
64198006
64209630
64209824
64212573
64215927
64220534
64221018
64226801
64227357
64229024
64231322
64235783
64236422
64241510
64249736
64255973
64258734
64262462
64265159
64269030
64271567
64274745
64276746
64277073
64277244
64283590
64287655
64288919
64289062
64293144
64296244
64301915
64303823
64308610
64315687
64319588
64322069
64335897
64339067
64341901
64344192
64347507
64358426
64367039
64384613
64404742
64405543
64415178
64417678
64430366
64431115
64432146
64435605
64442973
64446513
64460210
64460410
64460543
64460976
64467829
64468616
64468723
64477913
64482105
64482895
64483666
64498965
64540858
64540916
64543592
64547206
64554082
64571019
64571131
64571332
64571527
64571789
64572002
64572240
64572578
64573784
64587156
64587732
64587943
64591812
64603628
64616748
64617541
64628353
64630564
64635103
64655280
64657982
64659095
64667577
64680129
64686490
64688102
64690079
64691551
64695853
64698758
64699916
64703100
64704216
64705568
64710509
64720116
64730899
64735163
64747768
64752812
64758681
64763249
64764212
64766908
64770396
64779955
64797783
64804210
64813960
64820444
64824180
64834030
64837237
64838236
64839754
64842063
64852232
64859263
64859327
64859362
64861731
64867063
64874289
64875052
64875096
64885638
64887119
64899235
64899437
64899738
64899928
64900052
64900218
64900613
64900718
64901135
64906077
64910212
64912416
64915945
64927626
64928729
64928831
64931459
64933354
64934106
64946126
64956463
64964054
64980794
64981605
64982745
64985804
64989134
64989321
64998110
65000348
65005818
65006970
65009175
65014181
65021012
65022795
65022997
65034500
65034609
65040758
65043010
65043755
65045883
65049003
65053806
65059905
65060627
65068593
65070953
65072473
65080639
65082527
65084528
65104630
65112897
65117914
65120395
65120409
65121015
65121210
65129086
65129486
65132054
65136807
65138735
65139942
65140589
65141443
65154392
65163800
65173576
65178298
65186181
65199309
65203499
65204382
65250634
65256497
65258766
65258976
65268786
65271725
65277147
65280855
65283645
65288862
65293121
65294761
65295204
65297639
65324449
65337495
65343725
65344715
65346093
65348653
65353044
65355721
65360295
65360362
65360397
65360465
65362712
65367590
65380916
65382648
65398615
65399599
65399922
65400027
65400197
65400443
65400512
65400563
65400595
65400871
65412722
65413596
65422545
65425045
65429749
65432506
65434068
65441487
65467631
65467907
65469313
65471637
65473887
65475534
65475626
65475701
65476391
65476465
65485662
65492465
65499720
65501203
65502291
65502977
65504934
65507285
65508760
65514120
65519304
65520611
65530447
65532538
65540431
65546637
65555360
65568477
65568533
65570781
65574897
65603882
65608249
65618238
65629456
65629617
65637654
65656425
65662070
65663941
65669250
65681236
65685439
65687814
65693737
65697161
65702859
65707528
65708121
65718986
65726035
65737862
65741575
65756236
65765544
65767518
65787750
65792445
65792915
65795021
65800693
65818085
65824176
65825125
65827776
65851832
65855724
65861647
65862643
65878364
65884328
65886478
65890803
65891522
65894266
65896848
65904712
65905897
65907569
65908154
65921990
65928603
65961734
65989714
65995248
65995681
65996592
65996910
66003477
66006949
66010893
66016442
66029689
66035720
66059210
66074471
66076454
66077039
66101367
66107768
66111475
66120289
66133524
66136425
66136634
66154783
66157215
66159161
66170718
66174856
66185295
66205727
66207396
66210225
66216128
66221200
66222741
66223582
66237047
66240311
66248377
66251282
66252645
66255386
66262269
66266452
66267821
66275828
66302724
66307272
66314390
66316732
66333617
66333959
66335444
66339654
66351415
66351674
66361839
66370964
66390617
66393125
66397045
66399334
66404458
66408058
66416875
66422478
66435598
66436029
66440411
66445387
66449096
66453103
66456674
66458152
66463566
66466799
66468450
66469239
66471129
66472057
66474362
66474581
66486152
66512681
66512851
66516502
66551234
66562804
66576054
66576300
66576306
66576316
66576329
66579136
66579203
66591768
66593301
66600430
66610457
66611893
66616103
66618867
66627238
66640796
66653513
66660706
66664002
66676811
66686059
66698415
66705545
66715073
66726437
66730041
66736081
66738006
66740723
66750934
66753675
66754509
66756413
66758449
66760333
66764338
66764508
66781091
66785100
66788395
66797519
66807916
66826430
66837295
66843308
66853134
66856435
66858668
66865160
66866339
66867748
66873325
66880558
66881383
66881935
66882912
66888224
66893134
66897527
66899455
66906176
66926579
66932415
66935590
66935933
66938914
66941213
66942439
66946048
66954852
66960325
66964129
66966761
66971082
66977600
66978428
66978986
66982623
66990928
66994336
66997231
66998902
67010159
67010986
67015874
67018611
67020567
67029290
67029700
67032981
67037433
67042707
67045432
67046377
67049152
67057871
67065175
67074207
67082806
67088620
67094235
67094657
67096045
67105984
67128849
67146491
67148380
67149206
67151004
67165499
67166513
67177366
67180821
67184144
67190569
67201330
67209883
67211828
67214722
67219022
67223602
67226880
67229477
67234540
67235288
67236908
67240573
67244021
67248582
67250836
67253571
67253870
67255015
67258502
67262288
67263040
67265352
67265362
67267938
67268964
67268999
67270468
67278539
67279480
67283674
67287253
67293010
67305322
67306063
67313487
67313994
67316450
67334315
67338197
67346132
67346251
67351070
67351178
67373292
67373399
67380146
67381668
67387356
67388683
67390818
67399013
67410795
67414253
67424537
67429692
67439795
67443275
67450771
67458058
67459734
67467932
67471850
67477039
67480429
67483269
67486236
67490302
67491850
67498554
67502268
67502850
67504272
67504997
67506360
67508549
67509653
67510606
67511567
67512817
67513435
67513679
67515362
67521564
67522635
67526230
67530228
67530798
67531444
67531515
67531586
67531998
67536778
67536995
67537914
67543346
67544797
67545097
67545869
67547083
67548022
67548765
67549289
67549923
67550286
67550352
67554712
67555723
67561534
67561813
67562515
67562533
67562548
67562568
67562591
67562623
67565128
67566382
67574425
67580006
67580467
67588924
67589898
67593372
67616657
67617824
67619067
67619345
67621952
67627086
67628336
67628681
67628990
67630989
67633608
67634397
67637704
67639694
67641184
67644520
67645364
67651824
67654930
67658689
67658851
67670560
67677904
67682485
67682653
67683240
67683595
67688031
67688395
67694273
67697971
67699583
67702652
67707498
67708460
67709491
67713148
67716850
67717948
67718273
67725226
67725575
67729507
67732114
67733908
67756650
67770182
67770769
67782427
67784430
67797574
67799503
67800981
67801394
67810639
67812886
67816170
67816546
67819109
67820326
67822804
67831589
67834048
67837033
67841857
67849170
67850335
67851574
67852941
67857653
67861768
67862413
67863462
67863710
67864886
67865957
67868008
67868397
67873675
67874593
67876066
67883900
67884527
67886680
67888060
67888213
67888523
67888819
67893350
67893659
67894015
67894704
67900606
67900899
67901706
67920611
67926080
67942561
67946730
67949389
67950337
67950632
67950706
67953821
67956788
67959777
67959897
67960774
67961204
67961789
67977171
67979099
67979752
67980136
67981072
67984389
67984604
67990150
67990179
68006021
68007730
68009156
68009193
68010981
68015226
68021105
68025772
68034263
68034707
68037452
68042978
68047007
68049954
68050640
68052402
68053890
68056470
68056613
68058569
68063683
68064551
68072340
68076034
68076114
68080419
68086199
68111820
68112894
68117875
68119558
68136563
68137102
68137438
68137527
68139647
68140833
68147828
68155166
68157078
68157488
68157960
68160065
68161981
68163637
68165142
68165986
68168031
68168863
68169368
68169820
68171794
68174044
68181747
68182361
68186544
68188692
68189560
68190030
68193568
68193929
68194538
68196103
68198691
68200988
68202722
68208838
68211268
68211577
68214278
68214687
68215574
68215846
68218219
68225717
68230259
68234110
68234757
68236476
68242461
68250753
68251522
68253107
68253529
68255084
68256287
68257566
68265817
68265917
68270718
68274080
68283245
68290201
68293994
68295587
68305150
68315283
68320320
68324113
68324311
68325898
68326393
68326826
68331281
68333560
68334019
68334243
68337920
68337952
68339291
68339391
68339423
68339425
68339472
68339503
68339546
68339577
68339621
68341912
68341961
68345934
68348418
68349195
68349367
68350422
68351716
68359768
68362249
68364661
68364977
68367361
68367502
68372215
68377030
68385347
68386414
68386463
68386723
68389320
68389906
68390594
68393278
68395161
68399407
68404004
68404603
68408401
68408658
68410775
68412283
68415888
68416848
68417369
68418174
68419198
68422150
68422417
68432583
68437196
68438301
68439728
68446643
68447003
68451286
68452281
68462087
68462087
68465085
68467719
68472002
68477164
68486814
68491005
68494699
68496358
68497260
68500404
68503320
68504532
68507630
68507695
68508905
68511032
68515395
68517664
68518336
68518894
68520554
68526443
68532269
68532475
68532654
68534197
68534621
68541156
68542126
68542819
68548957
68553463
68557806
68560319
68563313
68570009
68574966
68577130
68577402
68580272
68603296
68608863
68611209
68615891
68619242
68621310
68621473
68623233
68629952
68630474
68636723
68639333
68643607
68645247
68645758
68649304
68650588
68652340
68653694
68657828
68661262
68664104
68664140
68664559
68666019
68669254
68674452
68678504
68678878
68685619
68694966
68716732
68717673
68722318
68722497
68723396
68723891
68724628
68725789
68727098
68730044
68730755
68738133
68738345
68742236
68743233
68744238
68744509
68746130
68747891
68750603
68752754
68753667
68754174
68754453
68754691
68758498
68761342
68762520
68767282
68768024
68769428
68770807
68771975
68772551
68787074
68793639
68803671
68806952
68807304
68808360
68808502
68812224
68812649
68838160
68848020
68851683
68858529
68864930
68866405
68869057
68870291
68873482
68881545
68883556
68888772
68892314
68894188
68894395
68894514
68895245
68898949
68899658
68899795
68899864
68904507
68904514
68907316
68907378
68907782
68911501
68914931
68915222
68915694
68915888
68918700
68920087
68921147
68921780
68922045
68922095
68923093
68925790
68926049
68929551
68929764
68929952
68932097
68932825
68940893
68943470
68956368
68959961
68960577
68960749
68965013
68966696
68976019
68976404
68976634
68984725
68986597
68991230
68992998
68999734
69023885
69028071
69042116
69047308
69053440
69062813
69067882
69068359
69068470
69075372
69076494
69076663
69078868
69079488
69080276
69081420
69083106
69083112
69086476
69087734
69088138
69090997
69092143
69093219
69095298
69095514
69097627
69097749
69098080
69099805
69100092
69107020
69108023
69112211
69113853
69115806
69118005
69119543
69124834
69130403
69136922
69137943
69139334
69139815
69140413
69145207
69146937
69148528
69162457
69166178
69171167
69171643
69177833
69178241
69188642
69189659
69190054
69194389
69212177
69213224
69219410
69223495
69225652
69228212
69238645
69239426
69239569
69242225
69244243
69254408
69254473
69256197
69262429
69265018
69269371
69274464
69292035
69294376
69294515
69296874
69297017
69297575
69299343
69300019
69301245
69309202
69309306
69312458
69313669
69314038
69316203
69317985
69322408
69323661
69325913
69330926
69334886
69337869
69356754
69357829
69358622
69373408
69380727
69383624
69384314
69389350
69390045
69390302
69393070
69398313
69405845
69406349
69406537
69415018
69418844
69420628
69425117
69425702
69425743
69433957
69435907
69436253
69436426
69437756
69438281
69440956
69442243
69442724
69443239
69447439
69447705
69448502
69450590
69452832
69453547
69464084
69465157
69467321
69475546
69479127
69480874
69487360
69492191
69492538
69493292
69496382
69497796
69501136
69502665
69506944
69511388
69513034
69519993
69520584
69523598
69524259
69525127
69526680
69527504
69531781
69536891
69536958
69544708
69550345
69550433
69550669
69552064
69553039
69555653
69555702
69557001
69557399
69557650
69558026
69558454
69559303
69561165
69562091
69563500
69564198
69571020
69575255
69575489
69576672
69577360
69583192
69583400
69586680
69586831
69588381
69589123
69591516
69600165
69604793
69605076
69605571
69605831
69606155
69611501
69612596
69616433
69618486
69620877
69625186
69626345
69627859
69638743
69644164
69647697
69649911
69650671
69652520
69652943
69655376
69658345
69658927
69661435
69664205
6967072
69671125
69673054
69673317
69678110
69681023
69681359
69681602
69685893
69686379
69687536
69688190
69688394
69690427
69691094
69693021
69695772
69696598
69699523
69700817
69709489
69712653
69718082
69729467
69730371
69738287
69748509
69763054
69773066
69776476
69776653
69788123
69801472
69802619
69802732
69806880
69811834
69812192
69813519
69814585
69815397
69816502
69817150
69817443
69819882
69820433
69822514
69824432
69829049
69829514
69833808
69835499
69836262
69836686
69837202
69847075
69849604
69850592
69850622
69851994
69859387
69859979
69860516
69860521
69861994
69865397
69865567
69867207
69872341
69872936
69874674
69876655
69877332
69878637
69878803
69879092
69886936
69895346
69899384
69904775
69906087
69908004
69909387
69910232
69910928
69915700
69917014
69917824
69924473
69927715
69928441
69931529
69936276
69936372
69937566
69940559
69943522
69943740
69944362
69955098
69955585
69957905
69958552
69973659
69977742
69978259
69981907
69997665
70003954
70012060
70023703
70029943
70030940
70051692
70060262
70061382
70063257
70067548
70067673
70071431
70078868
70083702
70087963
70091004
70093477
70095427
70096541
70100065
70100396
70106085
70108036
70109909
70110172
70114986
70117255
70119309
70119794
70120303
70121010
70122597
70126432
70126944
70128994
70133776
70136287
70145672
70145844
70146245
70147195
70149127
70149261
70149629
70150617
70151118
70158360
70160608
70160754
70162572
70164842
70166018
70168213
70169536
70181363
70185957
70194321
70195634
70195961
70204160
70224400
70225849
70228947
70229368
70230315
70239710
70245984
70254388
70257070
70257154
70258141
70261682
70265987
70270461
70278017
70282697
70286917
70290419
70297247
70298520
70298986
70299876
70303027
70303701
70305076
70305215
70306606
70307715
70310031
70310536
70312380
70320329
70321714
70322275
70322922
70323721
70324374
70326526
70330508
70330709
70330737
70331777
70332914
70339510
70341498
70341537
70342180
70343381
70346609
70347141
70347918
70349058
70350005
70351113
70352395
70360687
70362576
70363434
70364603
70366562
70367728
70377837
70389238
70389706
70390687
70391640
70400106
70402103
70403511
70406069
70408700
70418156
70418993
70419110
70420332
70422202
70424316
70426653
70430204
70431480
70434330
70434603
70435490
70438113
70445510
70445943
70446938
70450648
70461317
70461495
70462031
70466948
70468151
70477117
70477779
70478286
70478342
70481590
70482121
70482260
70482349
70486646
70489817
70492119
70504224
70506827
70507086
70507750
70510726
70511582
70515621
70516010
70516541
70520112
70520868
70526710
70527396
70528462
70529413
70532959
70533709
70534942
70536510
70536839
70538125
70538874
70544172
70557897
70578201
70578352
70578462
70586873
70592081
70593682
70593822
70597119
70599235
70601004
70602440
70602836
70611952
70614137
70616164
70616368
70619908
70621587
70625514
70629280
70629752
70631587
70634595
70637959
70641583
70642852
70648180
70651395
70652765
70654258
70654930
70655064
70655932
70657295
70660555
70664020
70673394
70673658
70674336
70678882
70683066
70684485
70685711
70688225
70688993
70689121
70689682
70694809
70696371
70696531
70696553
70696668
70697081
70698073
70698360
70702087
70703334
70704805
70705203
70705890
70706169
70710018
70721459
70722847
70723573
70724026
70725601
70730925
70731028
70731498
70731911
70735650
70737477
70737760
70738300
70741073
70741727
70744077
70746884
70746968
70759426
70770052
70770951
70788761
70806056
70811342
70811921
70812938
70813272
70813877
70816862
70817422
70818476
70820157
70822818
70823075
70825224
70825939
70828341
70829186
70829226
70830752
70831109
70831171
70832443
70832878
70833270
70833329
70833415
70835657
70843696
70843885
70844660
70847268
70849969
70854058
70857671
70861287
70863385
70866555
70872318
70872641
70874509
70875024
70875711
70878566
70882681
70883241
70884537
70885724
70887596
70888575
70888657
70893193
70893874
70894142
70896132
70896359
70898050
70898481
70898684
70903443
70903841
70910962
70914738
70917502
70919542
70922246
70922646
70924537
70925064
70925218
70927504
70932780
70933872
70938372
70939065
70941452
70941465
70941475
70943563
70944690
70945541
70946722
70948863
70951816
70952014
70952211
70960997
70962356
70964373
70964834
70965893
70967075
70968736
70969429
70971582
70972968
70974663
70975914
70976993
70978621
70979353
70980859
70982146
70982623
70984460
70986003
70986626
70989689
70990476
70992983
70995545
70996750
70997749
70999854
71006987
71007131
71010447
71014072
71014847
71016092
71017416
71018097
71022404
71023611
71024714
71025091
71026212
71027038
71027516
71027990
71029445
71034590
71036886
71037879
71038875
71039418
71039544
71042097
71044400
71044706
71050572
71051434
71052423
71052732
71053123
71054762
71055072
71056192
71057248
71061590
71065704
71067461
71070136
71070497
71076557
71077493
71078651
71087385
71102532
71102833
71103409
71106980
71109055
71110171
71111066
71111439
71116772
71116898
71117350
71119821
71121015
71122064
71122447
71123181
71126686
71127020
71128947
71129554
71131084
71131341
71131659
71132758
71138673
71139568
71146170
71147147
71148269
71154563
71156082
71156429
71157060
71157327
71158242
71158670
71166988
71168738
71170818
71177223
71180689
71180984
71184959
71185474
71187154
71190234
71191177
71192463
71195869
71197050
71198108
71201761
71202752
71210190
71215150
71219268
71221081
71224227
71232446
71233125
71233656
71235402
71240443
71247870
71254154
71255909
71258735
71266727
71267748
71285675
71286451
71286621
71294476
71297756
71298869
71299406
71300949
71301753
71303053
71308099
71309833
71314169
71327378
71338420
71342716
71343989
71344659
71348538
71352514
71366032
71367664
71374062
71374467
71374492
71376323
71376432
71376683
71380861
71382145
71383478
71390560
71391283
71394140
71406536
71408110
71410209
71412614
71413335
71415584
71419565
71420164
71421792
71422776
71426215
71427674
71434003
71434621
71435701
71435991
71436525
71437448
71439541
71442017
71442706
71445276
71445943
71452253
71452869
71454463
71455794
71460839
71461259
71466830
71467991
71469578
71470001
71470524
71472404
71473546
71474129
71474466
71479820
71484028
71484417
71484803
71488082
71488785
71492784
71498126
71502035
71504161
71504214
71505338
71509600
71515958
71517499
71517804
71520004
71527648
71540040
71545235
71548778
71551026
71551359
71553285
71562555
71576865
71580488
71586532
71589013
71589408
71589925
71591509
71595314
71597329
71597577
71598898
71602376
71603672
71605527
71607643
71607973
71608321
71609509
71611719
71614022
71614209
71614398
71616492
71619938
71621301
71621399
71621466
71623947
71626990
71629118
71633786
71637146
71643504
71644233
71644691
71646314
71647313
71650296
71651241
71653213
71653510
71653745
71654317
71654559
71656626
71658484
71659446
71664447
71666785
71675351
71679609
71682509
71684180
71687191
71690152
71690244
71693889
71694523
71697073
71698619
71701024
71702860
71704692
71712240
71712754
71712858
71716835
71718156
71718583
71734774
71744770
71744959
71746710
71753610
71754335
71754813
71758033
71763096
71772733
71783037
71784028
71789703
71793882
71797383
71797852
71800206
71800756
71802330
71805388
71807768
71808662
71809120
71810313
71817632
71817732
71820007
71821926
71821946
71823802
71830555
71835071
71835934
71837930
71841618
71844818
71845248
71846298
71847587
71848990
71854624
71855031
71856645
71858110
71858505
71862817
71863678
71864729
71868386
71869129
71869134
71870455
71873404
71873946
71874141
71874692
71886428
71888361
71890655
71897079
71901721
71910443
71912041
71912770
71915068
71924530
71934836
71940704
71941322
71968722
71969102
71969671
71969767
71970449
71973829
71977015
71982823
71989440
71992676
71993936
71996648
71998074
71998774
71998936
71999385
71999601
72001679
72001830
72003737
72003924
72004189
72007656
72012550
72017460
72020006
72020503
72021855
72023748
72025048
72025954
72026845
72026962
72027675
72030394
72030585
72031591
72033812
72036403
72041203
72041903
72041951
72043821
72044136
72045763
72046475
72048108
72050686
72052381
72054722
72062619
72063108
72064058
72064306
72064862
72066305
72067535
72067694
72067851
72068594
72070988
72072138
72072169
72073619
72074136
72076693
72077868
72078060
72080420
72086379
72087431
72090254
72099261
72099555
72101704
72106534
72108371
72108541
72124275
72133780
72138180
72141265
72142782
72143478
72144514
72145843
72146909
72149056
72150709
72153320
72155299
72158840
72160019
72160409
72160651
72161127
72163211
72164620
72164699
72165677
72168091
72170714
72171103
72171414
72175937
72181483
72182594
72184112
72195324
72195876
72196041
72198313
72198438
72200508
72207894
72211123
72211439
72211717
72212802
72213240
72214358
72215516
72215663
72217358
72218003
72218901
72219451
72221046
72224111
72224396
72224668
72226338
72227755
72228140
72229948
72231741
72232385
72236477
72237134
72238444
72239236
72240926
72242490
72246188
72247719
72248826
72249305
72249413
72252356
72254862
72255003
72255541
72255948
72256277
72257256
72258308
72264797
72265495
72269165
72273186
72274098
72274819
72275383
72276251
72287302
72289255
72289347
72289362
72292225
72295019
72295520
72295612
72296138
72296265
72301767
72304591
72307204
72308437
72314424
72315263
72320184
72323020
72323774
72328372
72339538
72348324
72352501
72356029
72367250
72370920
72375632
72388729
72389114
72390930
72397526
72399139
72400385
72401409
72401470
72401726
72402989
72405498
72406538
72406766
72408679
72412290
72413917
72414668
72415965
72416972
72423635
72425962
72430947
72431206
72432140
72436229
72436990
72440615
72440729
72442548
72443390
72445004
72447285
72447516
72448527
72449644
72449927
72450593
72455953
72458086
72459215
72462412
72462650
72464704
72464714
72464835
72466177
72466842
72467881
72472911
72473263
72479029
72482845
72484136
72485685
72487692
72489010
72489666
72490951
72491219
72491499
72493375
72498966
72500391
72502327
72505937
72507204
72507349
72507624
72509272
72511336
72511794
72512395
72513713
72513845
72513920
72518414
72519174
72522134
72530350
72531257
72533051
72533913
72540279
72541043
72543929
72544250
72553016
72553501
72555227
72555936
72556104
72562273
72573209
72580791
72586320
72588675
72588968
72589272
72589545
72591450
72592970
72593304
72594506
72598250
72599450
72604637
72606333
72606374
72606564
72606710
72606803
72610997
72612674
72617555
72619532
72620765
72621900
72621990
72623616
72625558
72626381
72627131
72627185
72627227
72629223
72629625
72629720
72631533
72633086
72633391
72635001
72637239
72638324
72640862
72641026
72641340
72642128
72642781
72644811
72645364
72648314
72648363
72648412
72649530
72650405
72650732
72651391
72652337
72652762
72653523
72657765
72658961
72663195
72664967
72665986
72667016
72669300
72670079
72673443
72675467
72676492
72676911
72678456
72680290
72685850
72686437
72694997
72698376
72698410
72704199
72707507
72708776
72715756
72718949
72719659
72721479
72723048
72725262
72725485
72726805
72726994
72727953
72729198
72738199
72740427
72741604
7274476
72746495
72749904
72750543
72752744
72753373
72754399
72757453
72757711
72758303
72768526
72771242
72774842
72776720
72776897
72781752
72783552
72783958
72788973
72798828
72804200
72806275
72815939
72816825
72820294
72823201
72823665
72824154
72825303
72826082
72832181
72834104
72835708
72836540
72839892
72840332
72842457
72842602
72842728
72844844
72846558
72849072
72850047
72850830
72851119
72852587
72853244
72853359
72855049
72855118
72857276
72857730
72858559
72858973
72859643
72861355
72863275
72864733
72865067
72866707
72866968
72867461
72871971
72873242
72874407
72875465
72877542
72877559
72879531
72882299
72882795
72884556
72884711
72884908
72885452
72885474
72890293
72891968
72895699
72896311
72899440
72900925
72901084
72904007
72905973
72907248
72908706
72910323
72911100
72912679
72914450
72916293
72916851
72919790
72920066
72920375
72923431
72923617
72924545
72924866
72925385
72926868
72928928
72930036
72933507
72935002
72938160
72941030
72943289
72945728
72954601
72963673
72973912
72986293
72992718
72995557
72995956
72996400
72999484
73000885
73002504
73002879
73006525
73008503
73009168
73009703
73012453
73016122
73017941
73019404
73019496
73020270
73020370
73020422
73020489
73021329
73022592
73024625
73027345
73028442
73028686
73029383
73033435
73036463
73041111
73041524
73041770
73042802
73044172
73045693
73046098
73047688
73048020
73049097
73049098
73049411
73049761
73051032
73058228
73058572
73060160
73061469
73063254
73070936
73071956
73072683
73074507
73076196
73077460
73079799
73090706
73091845
73096058
73097985
73112641
73116135
73117672
73117898
73122295
73136517
73137394
73139925
73152987
73158470
73161026
73163568
73163604
73166782
73167643
73168057
73168368
73170466
73171115
73171830
73173258
73173498
73175524
73177622
73177741
73178681
73178979
73179245
73181183
73181890
73182097
73183279
73185807
73188512
73197855
73199733
73200015
73200187
73200904
73202233
73202637
73203132
73203552
73204424
73206229
73206411
73207465
73210346
73211272
73212285
73213432
73218550
73218662
73226651
73226710
73226718
73226890
73229598
73230619
73231610
73234054
73234724
73235155
73235355
73235747
73235905
73240522
73242620
73244897
73253228
73258178
73258373
73259770
73261608
73262814
73264288
73271560
73279175
73281248
73282009
73288027
73290069
73291133
73292135
73292160
73294890
73296179
73297938
73306801
73310966
73311498
73311870
73314224
73314760
73315215
73315785
73322212
73323042
73324727
73328108
73330512
73330962
73333561
73334366
73335655
73335932
73336363
73338065
73341879
73344142
73345550
73345551
73347697
73350134
73352480
73356986
73361928
73365722
73367959
73371055
73373868
73374887
73375607
73376131
73376328
73378375
73379073
73379889
73380727
73382955
73383717
73385381
73386620
73386776
73389906
73391702
73393444
73393535
73394144
73395295
73398632
73411189
73413323
73415099
73415762
73417062
73422510
73422563
73425366
73426245
73427749
73428779
73430298
73432979
73434828
73435660
73435869
73435993
73437206
73437626
73443152
73446465
73446759
73446882
73451681
73451772
73454426
73456237
73462177
73463137
73465951
73469552
73470211
73470510
73470968
73473503
73474243
73475641
73477572
73479579
73480403
73482889
73483557
73487828
73493535
73494686
73497557
73499373
73501293
73502407
73502903
73504511
73505408
73506514
73507525
73508466
73508645
73509386
73509813
73510512
73514840
73514978
73522757
73524482
73525834
73529648
73533860
73536204
73538009
73538049
73541660
73542551
73544606
73544960
73545588
73546383
73547508
73548623
73550201
73551159
73552550
73554035
73554859
73557588
73559397
73559752
73560750
73560799
73564317
73565364
73567407
73569325
73570745
73570859
73571806
73572289
73573071
73573188
73573231
73573269
73573309
73573345
73574259
73575062
73576111
73577210
73577675
73580264
73582166
73583315
73584278
73584608
73585225
73586080
73586745
73587845
73591367
73592552
73592872
73595268
73597316
73600239
73600263
73600297
73600329
73600375
73600412
73600430
73600465
73600598
73600800
73602469
73604794
73604848
73610149
73610512
73613176
73613962
73614738
73615037
73615224
73616047
73616883
73616906
73617239
73617974
73618238
73618725
73619116
73619656
73620229
73620815
73622986
73623742
73624279
73624526
73626198
73629151
73630989
73631746
73632198
73632262
73632336
73635387
73636853
73638091
73640003
73640707
73641033
73641308
73642853
73644796
73646666
73647053
73648116
73649895
73654426
73654568
73655003
73655993
73656985
73661820
73661963
73663368
73663653
73664084
73664757
73664984
73665151
73666073
73670201
73670700
73672322
73674065
73675972
73677708
73677881
73678709
73680580
73681540
73683327
73687951
73692571
73692585
73693315
73699447
73702610
73704669
73708851
73708877
73710140
73725206
73726853
73728601
73732127
73734016
73736404
73737057
73737962
73738858
73739278
73739992
73743714
73744579
73745554
73752500
73752630
73752877
73757328
73757745
73759012
73760799
73761182
73762428
73763362
73764605
73764623
73766624
73766976
73768646
73769248
73773990
73774342
73775608
73775784
73777649
73782394
73783152
73784359
73784567
73786315
73786856
73789815
73791004
73794772
73795224
73795364
73796389
73798061
73798487
73798531
73799456
73800105
73801238
73802249
73803606
73804593
73804906
73806066
73806443
73807128
73810739
73811682
73812679
73814573
73814711
73815196
73815630
73817625
73817677
73821084
73821381
73822884
73822923
73823376
73823952
73824014
73824830
73825756
73826404
73826469
73827185
73828080
73830565
73831299
73832233
73832966
73833093
73834161
73836669
73837397
73837436
73839741
73840975
73841073
73841331
73843662
73844198
73844729
73846276
73846704
73847788
73848321
73853134
73859400
73860549
73861559
73862668
73862697
73863117
73864759
73866996
73867497
73868487
73869446
73870020
73870643
73870856
73871824
73873959
73874784
73876581
73881060
73882293
73883476
73883536
73884843
73885777
73886037
73888526
73888568
73889470
73892594
73894958
73896223
73900240
73901595
73902717
73903284
73904392
73907549
73907682
73907948
73915103
73915341
73916563
73916953
73919080
73920410
73921889
73924952
73925826
73926023
73928507
73929708
73931625
73934756
73934888
73936634
73942978
73946623
73953445
73959636
73960222
73960349
73968648
73974762
73984147
73984555
73989361
73990425
73990891
73991410
73995070
73997432
73998694
74007854
74008072
74017281
74018548
74020288
74020873
74023863
74025094
74027917
74028237
74029530
74031654
74033831
74034350
74036649
74037960
74038481
74038597
74044692
74045364
74046438
74047536
74047843
74049324
74051069
74051097
74051171
74051275
74051346
74051593
74051722
74052546
74053846
74056669
74057127
74057533
74060011
74060135
74061237
74066757
74069886
74070547
74070924
74071399
74071713
74072288
74072528
74072875
74074534
74074538
74075058
74076354
74077736
74079516
74081940
74082694
74082706
74086375
74087637
74087647
74091359
74091529
74091944
74092333
74092911
74092982
74093235
74093627
74100649
74101822
74103080
74105326
74106375
74106567
74106610
74107401
74107615
74107722
74111831
74112516
74114715
74115185
74116003
74116308
74119193
74120343
74121191
74123247
74123481
74125033
74125091
74125580
74126495
74126694
74127100
74129125
74129637
74130051
74130763
74130868
74131495
74131835
74132155
74137135
74142979
74143058
74143936
74144335
74144532
74145151
74148469
74148539
74152514
74154089
74155477
74156391
74160511
74162597
74168167
74168904
74175767
74176382
74179664
74179894
74183323
74188417
74190588
74191411
74191859
74195895
74201536
74204783
74206975
74207266
74216239
74216907
74217864
74221461
74223428
74225743
74230179
74231280
74232644
74234000
74234327
74234593
74237694
74238678
74238855
74239204
74239588
74241650
74242422
74243383
74244010
74245043
74246008
74248356
74249455
74250057
74251189
74251893
74254674
74256458
74256839
74258539
74259454
74260598
74260793
74260923
74265320
74265655
74268985
74269086
74269446
74270159
74271212
74272013
74272095
74274815
74276026
74276829
74278089
74278500
74278983
74281563
74281632
74283493
74284323
74285074
74285885
74286256
74288126
74288368
74288406
74289508
74290726
74290811
74291233
74291287
74291323
74291692
74292037
74294667
74297723
74297994
74298011
74298082
74299858
74303549
74303696
74305615
74306263
74306271
74306834
74307704
74309919
74309962
74309991
74310145
74310332
74310885
74311772
74311827
74311844
74314172
74316470
74317692
74318544
74319506
74320196
74320540
74320799
74321752
74322175
74323023
74323929
74326041
74326420
74328610
74329435
74329452
74330996
74332020
74335048
74335525
74338273
74339137
74339281
74339988
74340061
74340257
74342250
74343142
74343491
74345613
74346355
74348679
74351354
74358937
74360246
74361369
74363000
74363371
74364798
74367534
74369318
74370403
74370448
74374551
74384398
74384405
74384501
74384866
74386211
74402810
74402887
74403330
74405977
74408082
74408655
74408783
74409163
74410949
74411280
74411641
74412739
74413171
74413976
74414681
74418769
74419781
74422724
74426122
74427130
74427333
74432211
74435559
74436092
74437475
74437548
74438878
74441724
74441925
74445173
74445845
74446940
74447291
74448645
74451633
74451834
74453100
74454228
74454349
74455049
74456837
74457478
74458117
74459015
74460638
74461211
74462916
74463264
74463646
74463876
74464060
74464380
74467022
74468133
74469900
74471159
74473852
74474929
74478201
74478999
74482612
74486099
74486251
74487517
74488145
74490516
74490555
74490575
74491150
74492354
74493367
74493889
74494196
74495334
74495406
74504767
74508161
74510484
74511152
74511965
74513508
74516243
74520358
74521070
74521254
74521512
74521622
74521784
74524106
74527530
74529032
74529461
74529662
74529674
74529819
74530043
74530081
74530464
74534540
74535331
74535620
74536009
74536802
74537394
74538057
74540031
74541141
74542611
74543710
74548801
74550111
74550560
74553029
74554292
74555674
74557081
74557363
74558812
74561357
74561904
74563932
74564412
74564709
74565222
74565364
74565579
74566273
74567859
74569642
74569671
74570019
74570100
74572494
74572523
74572606
74572796
74574114
74575560
74578534
74579124
74579791
74581176
74583399
74583968
74585229
74585996
74586589
74586887
74587556
74587557
74589237
74590042
74590190
74591184
74591416
74592737
74592796
74592798
74596280
74597683
74600294
74600500
74602573
74607535
74608963
74609430
74610564
74612225
74614769
74618044
74620158
74620183
74620386
74622365
74623099
74623527
74633383
74634758
74637075
74638703
74638965
74639880
74640201
74641706
74643264
74645099
74645557
74645853
74646279
74647523
74648634
74648677
74648719
74652617
74654656
74654780
74655645
74657212
74657638
74657838
74658544
74658923
74659349
74659580
74659692
74660220
74660928
74662364
74663132
74665683
74665729
74665780
74666031
74667932
74667975
74668070
74668345
74669808
74671391
74672242
74672857
74675190
74676125
74676291
74676458
74677869
74678155
74679932
74682400
74682734
74682999
74684546
74687256
74687398
74688054
74690176
74692702
74693433
74694547
74698681
74698814
74699079
74699081
74702396
74703452
74703900
74704318
74705043
74705430
74707157
74710515
74712085
74713358
74714070
74714972
74715983
74716146
74718491
74718688
74718832
74718889
74719503
74720066
74721336
74723448
74724667
74726825
74727792
74728764
74731174
74731612
74731898
74732655
74732742
74733202
74733229
74735303
74735929
74736244
74737093
74740554
74742030
74743319
74744600
74744733
74745045
74745331
74745540
74748612
74750004
74750404
74751032
74752369
74757527
74762173
74762316
74763457
74765152
74765300
74769025
74770356
74771488
74772818
74774578
74775116
74776815
74777561
74780291
74782301
74783928
74791180
74791554
74791950
74795412
74796098
74797201
74797216
74797377
74799195
74800995
74805198
74805527
74806284
74812056
74812081
74814620
74814635
74815097
74815436
74817783
74818647
74818927
74821845
74822724
74823556
74826292
74826603
74826813
74827034
74830764
74832975
74833024
74835103
74838237
74839031
74841009
74841459
74842128
74842169
74844366
74845145
74845976
74847153
74849484
74850187
74854743
74854950
74855438
74856477
74857338
74857740
74858341
74858431
74860890
74864729
74865646
74867112
74868498
74870967
74872151
74872530
74872968
74874143
74875001
74876359
74876608
74877092
74877683
74878418
74878476
74878829
74879160
74881677
74882840
74885548
74887207
74887352
74889711
74890159
74890962
74891594
74893796
74903603
74907428
74908772
74908791
74908973
74911835
74914897
74915555
74915567
74916538
74917704
74918761
74925276
74928342
74928663
74930701
74930747
74932363
74933201
74933608
74933661
74933684
74933717
74933749
74933839
74936544
74938197
74940704
74943913
74944386
74946312
74948941
74950704
74953679
74953885
74954095
74955243
74955934
74956410
74957647
74961220
74969053
74972598
74972972
74974016
74974832
74975343
74976260
74978170
74978352
74984795
74984887
74986653
74986836
74988898
74989624
74991333
74993412
74993974
74994910
74996166
74997057
74997601
74997869
74997891
75000133
75000285
75000350
75002257
75003077
75003874
75004487
75004660
75005119
75007778
75009659
75013628
75014564
75015094
75015449
75016869
75016894
75017344
75018512
75019701
75019782
75020443
75020762
75022571
75022716
75022792
75024486
75025438
75025778
75026821
75028136
75030117
75030681
75032469
75036464
75036789
75037399
75037797
75037986
75039552
75039898
75040435
75041392
75042199
75043574
75043942
75045372
75046433
75046471
75046520
75046912
75047579
75048469
75049685
75050993
75052097
75052607
75053416
75054736
75055027
75056443
75056970
75058337
75060438
75060700
75060721
75060777
75061178
75062053
75063022
75064346
75066406
75066516
75068245
75069055
75069060
75069074
75070171
75070299
75070331
75074054
75074064
75075748
75075910
75076362
75077805
75078031
75078368
75079415
75079532
75081350
75081473
75081891
75083815
75083881
75084161
75084335
75084858
75085216
75085282
75086403
75087616
75087916
75087948
75088306
75089458
75091022
75091975
75092617
75093375
75093751
75094760
75095228
75096289
75096984
75097687
75097724
75097725
75097866
75098590
75099770
75100060
75100217
75101138
75102363
75102423
75103890
75104102
75104577
75105281
75105769
75106277
75106569
75107076
75107544
75108735
75110677
75112698
75115112
75115796
75115861
75115997
75117975
75119006
75119448
75120564
75123103
75123205
75123678
75124013
75125009
75133176
75133842
75134249
75135026
75136502
75141043
75143295
75144485
75144949
75146417
75148075
75148165
75148870
75152776
75153162
75154095
75156340
75157019
75157213
75157915
75158635
75159208
75159475
75160891
75160912
75161726
75164295
75166105
75168446
75168541
75169523
75169930
75170656
75175991
75179283
75179929
75180240
75181384
75182517
75183860
75184266
75185661
75186722
75188665
75190201
75190415
75190463
75192482
75193082
75193935
75196225
75197475
75197499
75197968
75198007
75199186
75200326
75201504
75201508
75201553
75202243
75202430
75204953
75204974
75205237
75206213
75207038
75207300
75209247
75213016
75213051
75213961
75214779
75214997
75215495
75215889
75217770
75220184
75220725
75221389
75222564
75222862
75223814
75223887
75224844
75225220
75225897
75226677
75227063
75227149
75227239
75227973
75228438
75230928
75232178
75234140
75235646
75235738
75235803
75237205
75237415
75238912
75239082
75239567
75241026
75241082
75241168
75241703
75242049
75242983
75245045
75246626
75247075
75247486
75248078
75249662
75250667
75252549
75252994
75253309
75255049
75255138
75255560
75255612
75256099
75258707
75262399
75263553
75263618
75263687
75263803
75263852
75263885
75263937
75264012
75266600
75266647
75267640
75268517
75269245
75270040
75270764
75270859
75273076
75273192
75275411
75277881
75278065
75278567
75279578
75281638
75281818
75283717
75284668
75286751
75287863
75288152
75289452
75289682
75290014
75290905
75291288
75294018
75294653
75295833
75296549
75297868
75299584
75301131
75302416
75302815
75303361
75303659
75303782
75304061
75304284
75304874
75305233
75305423
75305653
75308905
75309575
75309829
75310011
75311739
75313645
75315579
75315633
75316092
75316543
75317787
75317921
75318429
75318487
75318840
75319668
75320087
75320538
75320565
75320675
75321347
75321437
75322509
75328628
75329085
75331205
75331782
75332115
75334852
75336008
75337753
75337994
75338282
75338742
75339154
75339622
75339799
75342871
75345556
75349785
75349919
75350318
75350894
75351543
75352260
75353895
75357028
75361068
75363059
75363763
75366565
75371164
75371646
75374024
75374083
75374276
75376101
75378355
75378956
75379026
75379596
75379639
75379874
75380139
75380709
75381201
75383359
75385548
75385592
75386395
75387250
75387335
75387368
75389003
75389109
75389201
75389664
75389724
75391012
75391138
75391321
75391323
75394349
75394721
75396489
75399233
75399855
75400767
75402628
75402837
75403015
75403838
75404640
75404796
75404840
75405686
75408046
75410266
75412649
75412767
75412817
75413094
75413216
75414132
75415097
75416661
75416945
75417868
75418835
75418854
75419763
75419963
75421562
75421640
75423982
75425221
75426674
75427460
75429096
75429419
75429461
75430123
75431449
75433491
75435805
75437634
75438946
75442216
75442787
75443233
75443655
75444367
75444542
75445217
75446383
75447175
75447527
75450075
75450555
75450788
75450931
75451023
75451675
75452317
75452490
75453851
75454072
75456236
75456662
75456739
75457054
75457785
75458751
75460038
75460536
75460669
75460840
75461268
75461341
75461526
75461851
75462058
75462906
75462930
75463132
75463579
75464944
75465200
75465518
75465583
75467015
75467419
75467448
75467623
75468036
75468224
75469004
75469455
75470671
75471321
75471429
75471929
75472277
75472811
75472957
75473438
75475377
75476077
75477093
75477272
75478554
75479367
75479514
75479792
75480530
75480595
75480796
75482143
75482446
75483502
75483689
75484400
75484879
75485282
75485800
75486161
75486467
75486820
75486942
75487508
75489544
75489788
75489799
75489990
75490476
75490609
75490952
75492017
75492117
75492563
75492798
75493110
75493860
75494047
75494187
75495721
75495855
75496034
75496099
75496404
75497523
75497654
75498309
75498479
75498870
75498902
75498926
75499665
75500466
75502270
75502495
75503984
75504123
75504710
75505762
75506702
75507389
75507884
75507913
75508998
75509479
75509584
75510032
75511021
75511364
75513122
75515508
75515559
75516891
75517256
75517267
75517636
75517786
75518173
75518796
75519594
75519653
75522516
75523792
75524797
75525861
75529298
75530771
75530880
75531502
75531583
75532587
75533127
75533851
75537022
75537880
75538587
75540117
75540354
75540955
75541121
75541217
75543895
75543974
75544058
75544249
75544483
75545564
75545840
75546245
75546358
75547136
75547244
75547311
75547369
75548391
75548584
75548964
75549151
75549606
75549745
75550203
75550269
75550468
75550725
75551030
75551089
75551165
75552547
75554092
75555009
75555114
75555542
75555718
75560088
75560586
75562249
75565863
75566003
75567279
75567722
75569119
75571918
75572991
75573429
75580894
75583408
75585122
75588101
75593160
75595058
75595482
75595642
75596714
75599127
75599195
75601240
75608182
75608343
75614638
75616305
75622487
75623186
75626107
75626721
75626732
75628179
75630419
75630577
75631462
75635311
75635458
75636816
75640388
75642269
75644361
75645052
75645098
75645220
75646122
75646437
75646494
75646597
75647207
75647325
75647941
75650082
75651000
75651884
75652035
75652283
75653293
75653526
75654311
75654699
75654838
75655341
75655565
75656108
75656322
75656826
75657380
75658373
75658386
75658744
75658844
75659400
75660117
75660119
75660264
75661651
75662021
75662598
75662964
75666464
75666618
75667147
75668109
75669973
75670348
75670993
75671309
75671392
75671654
75671847
75672433
75672686
75673696
75673999
75676905
75678668
75680365
75681896
75681931
75682079
75682372
75683724
75684013
75684053
75684300
75684307
75684538
75685030
75685342
75685717
75687134
75687668
75688315
75688668
75688925
75689418
75690024
75690165
75690571
75693065
75693129
75693421
75694690
75696428
75697052
75697261
75697334
75697909
75698878
75698999
75699037
75699118
75699421
75700638
75701399
75701616
75702246
75702284
75702532
75702832
75703464
75704255
75704546
75705414
75705744
75705857
75705985
75706004
75706424
75706580
75707207
75707384
75707428
75709013
75709694
75710058
75710376
75710851
75711144
75711581
75711843
75712443
75712778
75713859
75714277
75715209
75715244
75716847
75717289
75717536
75717982
75719540
75719585
75719710
75719814
75720760
75721225
75721298
75722164
75722229
75724021
75724316
75724831
75726928
75726943
75727524
75727711
75728758
75728936
75728998
75729010
75729201
75729637
75730016
75730077
75730209
75730216
75730696
75730923
75730945
75731491
75731685
75732642
75733038
75733740
75734175
75735113
75735285
75735781
75735946
75736739
75737087
75737628
75738395
75739386
75739427
75739478
75739772
75739808
75739863
75740383
75740533
75741184
75741198
75741216
75741273
75741856
75742004
75742028
75743603
75743804
75744675
75744740
75746559
75746572
75746933
75747440
75747492
75747569
75748035
75749364
75749420
75749625
75750051
75750112
75750113
75750419
75750549
75750581
75750686
75751914
75752426
75752542
75752727
75753043
75753664
75753910
75754590
75755463
75756197
75756295
75756318
75756487
75756761
75756873
75756896
75756960
75757896
75758441
75759234
75759407
75759712
75759811
75760234
75760676
75761080
75761135
75761808
75762895
75763483
75763538
75763723
75763923
75763965
75764794
75765798
75766251
75766727
75767114
75767386
75768650
75768651
75769685
75770173
75770226
75771117
75773954
75775289
75776302
75776794
75777635
75777851
75778510
75782256
75782332
75782851
75783203
75789252
75789795
75790555
75791283
75792037
75792101
75792114
75796847
75797451
75798824
75799309
75801859
75802642
75805569
75808540
75809831
75810207
75810755
75811809
75813371
75813509
75813765
75817004
75817018
75818645
75819209
75820548
75825376
75828520
75829148
75831717
75832096
75832691
75833684
75835572
75836900
75837617
75839022
75841954
75842499
75845472
75846830
75847030
75848226
75849779
75850503
75852231
75853065
75853605
75853780
75854487
75854664
75855360
75856122
75856985
75857243
75857702
75857789
75857810
75858091
75858186
75858288
75858397
75858902
75859162
75859405
75860002
75860576
75860615
75860908
75861121
75861417
75861499
75861859
75862071
75862328
75862950
75863174
75863399
75864345
75864444
75864655
75864683
75864935
75866165
75866299
75866841
75867383
75868437
75868488
75868917
75869061
75869118
75869269
75869350
75869400
75869676
75869844
75869935
75869936
75870997
75871186
75871251
75872026
75872179
75872287
75872332
75872429
75872707
75873078
75873241
75873635
75873824
75874566
75874947
75875448
75876421
75876797
75877434
75877548
75877951
75878227
75879610
75879973
75880428
75882676
75883533
75883563
75883579
75883630
75883663
75884164
75884296
75884580
75885629
75885779
75886044
75886765
75887197
75887438
75888373
75888413
75888427
75888652
75888961
75888967
75889162
75889482
75889695
75889832
75890655
75890916
75891715
75892548
75892716
75892888
75893078
75894000
75894282
75894404
75894564
75895485
75896473
75897122
75897580
75898794
75898867
75899323
75899345
75899611
75899619
75899952
75900382
75900585
75900895
75901046
75901182
75901198
75901691
75902063
75902209
75902232
75902248
75902785
75902795
75902841
75903474
75903847
75904797
75904822
75905365
75905410
75905714
75906663
75906719
75907248
75907836
75908149
75908223
75908238
75909172
75909226
75909333
75909545
75909861
75910039
75910115
75910781
75911056
75911400
75911448
75911672
75911698
75911903
75912080
75912626
75912659
75913265
75913769
75914057
75914293
75914723
75914748
75915814
75916362
75916421
75916498
75916506
75917039
75917268
75917392
75918074
75918164
75918409
75918943
75919041
75919045
75919750
75919913
75919999
75920544
75921812
75921833
75922183
75923049
75925172
75925624
75925648
75925687
75926359
75926612
75927078
75927165
75927269
75927390
75927585
75928239
75928702
75928705
75928791
75929531
75930006
75930044
75930080
75930282
75930383
75930762
75930816
75930932
75931283
75931492
75931700
75931802
75931850
75932310
75932557
75932824
75933373
75933377
75933463
75933524
75934123
75934329
75934670
75934789
75935472
75936026
75936847
75936898
75937448
75937449
75938060
75938211
75938722
75938992
75939028
75939922
75940007
75940522
75941334
75941531
75941975
75942397
75942545
75942557
75942822
75942937
75943173
75943493
75944326
75944402
75944778
75944909
75945060
75945108
75945148
75945190
75946213
75946250
75946257
75946786
75947454
75947571
75948921
75949901
75950031
75950104
75950437
75951093
75952567
75953244
75953394
75953485
75953567
75953725
75953741
75953879
75953896
75954836
75954975
75955404
75955432
75955592
75955742
75956713
75956726
75957139
75957496
75957730
75958015
75958358
75958445
75958446
75958890
75958935
75958956
75959003
75959074
75959092
75959502
75959848
75960193
75960908
75961544
75961732
75962159
75962959
75963404
75963531
75963929
75964008
75964549
75964749
75964786
75964835
75964938
75965785
75966747
75966861
75967039
75967115
75967607
75968769
75968908
75969368
75969429
75969653
75970181
75970497
75970528
75970814
75970923
75971077
75971618
75971802
75971991
75972697
75972742
75972757
75973327
75973414
75973526
75973799
75974114
75974223
75974224
75974538
75974607
75974718
75975012
75975049
75975492
75976317
75976409
75976430
75976475
75976937
75976996
75977022
75977626
75978587
75978819
75978966
75979207
75979215
75979255
75980249
75980257
75980281
75981539
75982512
75983146
75983365
75984014
75984573
75984819
75985091
75985337
75985444
75985650
75985698
75985784
75985813
75985937
75986068
75986108
75986181
75986235
75986271
75987721
75987795
75988502
75988821
75988860
75989924
75989927
75993453
75994790
75995013
75995151
75996593
75996606
75996716
75997003
75998233
75998355
75999284
75999504
76000656
76000702
76000871
76001344
76001870
76002668
76003206
76003468
76003738
76004495
76004642
76004921
76005032
76005068
76005079
76005150
76005602
76005651
76006162
76006471
76006706
76006949
76006972
76007092
76007138
76007928
76008103
76008359
76008550
76008756
76008962
76009548
76009573
76009621
76009914
76009944
76011311
76011546
76011750
76011838
76011841
76011905
76013707
76013776
76013938
76013974
76014015
76014276
76014451
76014480
76014649
76014786
76014857
76015863
76016225
76016448
76016480
76016517
76016924
76017902
76017933
76017995
76018100
76018177
76018315
76018402
76018424
76018506
76018674
76019344
76020178
76020480
76020499
76020936
76021575
76021805
76021897
76022098
76022311
76022390
76022532
76022658
76023437
76023658
76023664
76024064
76024113
76024181
76024930
76025316
76025390
76025465
76025551
76025701
76025924
76026296
76027134
76027297
76027311
76027655
76027942
76028059
76028157
76028293
76028434
76028474
76029236
76029338
76029387
76029590
76029686
76029989
76030375
76030472
76030922
76031118
76031166
76031225
76031398
76031480
76031714
76031805
76032115
76032611
76032892
76033364
76034060
76034061
76034537
76034617
76034642
76034672
76034924
76035052
76035325
76035390
76035432
76035500
76035534
76035847
76035859
76037000
76037201
76037767
76037995
76038226
76038432
76038439
76038705
76038726
76038997
76039007
76039051
76039073
76039401
76039436
76039451
76039505
76039508
76039530
76039589
76039661
76039863
76039875
76039951
76040051
76040136
76040175
76040633
76041127
76041291
76041613
76041662
76041674
76041789
76042012
76042156
76042286
76042783
76042999
76043094
76043118
76043525
76044160
76044531
76044557
76045413
76045427
76045530
76045612
76046238
76046454
76046698
76046732
76047010
76047189
76047200
76047411
76047504
76047784
76048127
76048612
76048737
76048748
76048871
76048961
76049001
76049396
76049724
76049995
76050092
76050625
76050659
76050814
76051026
76051304
76051379
76051799
76052152
76052295
76052383
76052400
76052962
76053169
76053202
76053233
76053321
76053634
76053796
76053797
76053851
76053852
76053956
76054285
76054489
76054514
76054774
76055055
76055397
76055453
76055708
76055749
76055854
76056082
76056230
76057105
76057292
76058007
76058393
76058461
76058997
76059064
76059072
76059078
76059264
76059362
76059435
76059583
76059787
76059869
76060072
76060139
76060334
76060658
76060916
76061690
76061831
76061859
76061976
76062004
76062076
76062547
76062721
76063549
76063705
76063743
76063749
76063804
76064100
76064210
76064253
76064411
76064439
76064625
76064688
76064987
76065058
76065116
76065211
76065220
76065461
76065467
76065532
76065594
76065609
76066411
76066555
76066704
76067024
76067331
76068196
76068217
76068327
76068363
76068859
76068913
76069002
76069123
76069301
76069572
76069915
76070037
76070168
76070202
76070291
76070495
76070557
76070698
76070715
76071041
76071182
76071436
76071449
76071805
76071824
76071882
76072046
76072079
76072244
76072483
76072580
76072869
76072886
76072941
76073154
76073166
76073978
76074003
76074187
76074529
76074568
76074762
76074862
76074940
76074955
76074999
76075416
76075422
76075465
76075579
76075623
76075899
76075932
76075958
76075995
76076008
76076010
76076293
76076427
76076484
76076519
76076530
76076562
76076566
76076922
76077010
76077018
76077284
76077485
76077590
76077695
76077869
76078162
76078327
76078352
76078399
76078435
76078562
76078582
76078690
76078820
76078822
76078915
76078954
76079044
76079072
76079243
76079446
76079495
76079562
76079856
76079978
76080161
76080171
76080394
76080423
76080426
76080512
76080778
76080884
76080949
76080969
76081014
76081351
76081567
76081613
76081768
76081786
76081832
76082021
76082059
76082060
76082146
76082190
76082209
76082571
76082620
76082668
76082710
76083265
76083424
76083517
76083820
76084055
76084165
76084301
76084641
76084688
76084760
76084789
76084883
76084984
76085107
76085480
76085491
76085697
76086255
76086544
76086803
76086849
76086874
76086971
76087060
76087168
76087834
76088091
76088412
76088515
76088598
76088669
76088822
76088902
76089345
76089563
76089967
76090193
76090205
76090246
76090452
76090521
76090740
76090759
76090944
76091041
76091175
76091243
76091320
76091480
76091541
76091599
76091609
76091636
76091686
76091694
76091841
76091919
76092004
76092188
76092439
76092524
76092662
76092756
76092872
76092898
76092950
76092992
76093013
76093018
76093092
76093095
76093131
76093146
76093243
76093244
76093347
76093581
76093653
76093802
76093807
76093942
76093949
76093958
76093997
76094056
76094100
76094264
76094508
76094557
76094558
76094596
76094600
76094608
76094951
76095113
76095196
76095653
76095814
76095820
76096141
76096320
76096383
76096400
76096455
76096553
76096963
76097072
76097125
76097138
76097266
76097349
76097384
76097432
76097606
76097623
76097826
76097880
76097884
76097921
76097933
76098082
76098138
76098254
76098347
76098350
76098462
76098476
76098542
76098585
76098621
76098924
76098998
76099195
76099226
76099350
76099408
76099532
76099576
76099955
76100068
76100154
76100208
76100353
76100384
76100474
76100602
76100906
76101076
76101114
76101168
76101376
76101421
76101523
76101679
76101697
76101814
76102472
76102568
76102587
76102807
76102952
76103103
76103149
76103284
76103301
76103432
76103548
76103692
76103731
76103850
76103855
76104134
76104159
76104260
76104265
76104317
76104328
76104462
76104494
76104602
76104674
76104722
76104802
76104876
76105034
76105767
76105808
76105849
76105903
76106050
76106091
76106248
76106338
76106496
76106599
76106635
76106988
76107101
76107144
76107196
76107220
76107304
76107570
76107606
76107719
76107782
76107842
76107926
76107997
76108049
76108066
76108145
76108202
76108395
76108429
76108550
76108552
76108594
76108626
76108696
76108761
76109017
76109052
76109251
76109252
76109255
76109295
76109448
76109496
76109556
76109709
76109717
76109943
76110001
76110103
76110202
76110354
76110859
76110860
76111048
76111218
76111348
76111382
76111383
76111523
76111527
76111553
76111579
76111730
76111768
76111802
76111892
76111960
76111985
76112155
76112273
76112446
76112477
76112673
76112893
76112913
76113095
76113452
76113813
76113826
76114014
76114055
76114121
76114155
76114213
76114392
76114425
76114491
76114919
76114978
76115074
76115207
76115404
76115720
76115736
76115905
76116001
76116045
76116121
76116167
76116198
76116307
76116471
76116529
76116714
76116981
76117009
76117085
76117102
76117149
76117164
76117242
76117286
76117309
76117453
76117551
76117813
76118071
76118074
76118304
76118348
76118401
76118686
76118736
76118746
76118785
76118839
76118956
76119034
76119109
76119225
76119277
76119514
76119541
76119587
76119631
76119695
76119729
76119789
76120023
76120118
76120136
76120152
76120170
76120227
76120376
76120541
76120887
76121034
76121038
76121219
76121462
76121545
76121599
76121888
76121913
76122300
76122608
76122655
76122656
76122692
76122920
76123141
76123372
76123396
76123421
76123425
76123460
76123472
76123505
76123671
76123766
76123890
76124070
76124226
76124266
76124342
76124477
76124506
76124557
76124596
76124777
76124783
76124791
76124812
76125187
76125215
76125247
76125363
76125403
76125540
76125606
76125829
76125895
76125947
76125981
76126124
76126171
76126174
76126741
76126800
76127051
76127135
76127179
76127534
76127630
76127654
76127663
76127798
76127835
76127842
76127869
76127872
76127951
76128038
76128180
76128382
76128522
76128914
76128976
76129148
76129304
76129382
76129544
76129650
76129692
76129746
76129757
76130585
76130844
76131342
76131659
76131747
76132174
76132679
76133563
76134605
76134645
76134674
76136282
76137327
76137819
76138373
76138547
76138747
76140002
76140213
76140432
76140741
76140788
76140949
76142578
76143256
76143661
76144166
76144407
76145250
76146164
76146174
76146621
76147102
76147328
76147572
76147719
76148074
76148690
76149909
76150048
76150906
76151260
76151688
76151728
76151864
76152649
76152668
76152774
76152819
76153840
76153981
76154248
76155150
76155752
76156566
76156591
76156637
76156742
76156802
76156850
76156948
76156995
76157030
76157038
76157042
76157109
76157174
76157270
76157472
76157491
76157557
76157578
76157691
76157782
76157912
76157946
76157969
76157987
76158117
76158146
76158147
76158173
76158209
76158432
76158753
76158851
76159226
76159257
76159601
76159761
76159963
76160103
76160128
76160268
76160531
76161323
76161344
76161503
76161673
76161915
76162368
76162548
76162677
76162681
76163097
76163119
76163287
76163381
76163430
76163496
76163551
76163750
76164001
76164066
76164263
76164354
76164438
76164977
76165426
76165652
76165888
76166465
76167016
76167036
76167207
76167255
76167428
76167538
76167661
76167772
76168671
76168837
76169564
76169829
76170483
76170526
76170846
76170857
76171012
76171508
76171689
76171919
76172130
76172420
76173323
76173531
76173682
76173787
76174142
76174233
76174889
76175539
76176358
76176433
76176877
76177278
76177549
76178040
76178463
76179180
76179605
76179757
76180517
76185739
76185757
76185864
76186811
76188087
76188515
76188979
76192649
76193357
76194885
76198545
76199517
76200585
76201476
76201694
76202335
76203494
76203757
76203953
76206765
76206823
76206977
76207284
76208263
76208828
76208944
76210158
76210618
76211956
76212004
76212580
76212871
76213416
76214484
76214979
76215068
76215369
76215817
76215971
76216470
76218620
76218817
76218936
76219678
76219740
76220167
76220239
76220907
76221475
76222562
76223294
76223766
76224258
76224645
76225112
76225253
76226057
76226883
76227413
76227528
76228765
76228835
76231417
76231534
76233273
76234283
76236154
8298222
8941032
9749976
